209823 LBVKY9109KSU85151 A5AN43
6137241300 61315A4A4E8 16,548.67 100.00 25.00- 1 12,411.50 893.63 1,729.67 15,034.80
6137241300 6131822 31.90 100.00 2 63.80 8.29 72.09
_____________________________________________________________________________________________________________________________________
* 赔付12,411.50 63.80 893.63 1,737.96 15,106.89
284822 LBV5T3102HSJ84822 A5APXK
9999001386 4 782.99 1 782.99 101.79 884.78
_____________________________________________________________________________________________________________________________________
* 赔付782.99 101.79 884.78
209852 LBV31DU02NS367308 A5ARO6
9987000086 0000009 31.90 9 287.10 37.32 324.42
9987000086 0000742 31.90 1 31.90 4.15 36.05
9987000086 6590600 31.90 2 63.80 8.29 72.09
_____________________________________________________________________________________________________________________________________
* 赔付382.80 49.76 432.56
209851 LBV6R4105NM338027 A5ARO7
9987000086 0000009 31.90 9 287.10 37.32 324.42
9987000086 0000742 31.90 1 31.90 4.15 36.05
9987000086 6590600 31.90 2 63.80 8.29 72.09
_____________________________________________________________________________________________________________________________________
* 赔付382.80 49.76 432.56
209850 LBV6R4109NM309985 A5ARO8
9987000086 0000009 31.90 9 287.10 37.32 324.42
9987000086 0000742 31.90 1 31.90 4.15 36.05
9987000086 6590600 31.90 2 63.80 8.29 72.09
_____________________________________________________________________________________________________________________________________
* 赔付382.80 49.76 432.56
经销商代码: 33500
成都宝悦汽车有限公司
成都市金牛区金科南路3号
610036 Chengdu
Report of admitted Warrant y-Claims Page: 1
Date: 2022.05.04
Credit Note Number 1273470 经销商代码: 33500 Copy!Original created on 2022.05.02
工单号底盘号保修单再申请旧保修单号标题决定代码
故障代码项目价格比率折扣数量配件工时外包处理费税费(13%) 合计
决定代码/项目
209848 LBV6R4101NM338025 A5ARO9
9987000086 0000009 31.90 9 287.10 37.32 324.42
9987000086 0000742 31.90 1 31.90 4.15 36.05
9987000086 6590600 31.90 2 63.80 8.29 72.09
_____________________________________________________________________________________________________________________________________
* 赔付382.80 49.76 432.56
209846 LBV61AF00NS372516 A5AROA
9987000086 0000009 31.90 10 319.00 41.47 360.47
9987000086 0000742 31.90 1 31.90 4.15 36.05
9987000086 6590600 31.90 2 63.80 8.29 72.09
_____________________________________________________________________________________________________________________________________
* 赔付414.70 53.91 468.61
209845 LBV31DU08NS360072 A5AROB
9987000086 0000009 31.90 9 287.10 37.32 324.42
9987000086 0000742 31.90 1 31.90 4.15 36.05
9987000086 6590600 31.90 2 63.80 8.29 72.09
_____________________________________________________________________________________________________________________________________
* 赔付382.80 49.76 432.56
209844 LBV21AF03NS350623 A5AROC
9987000086 0000009 31.90 10 319.00 41.47 360.47
9987000086 0000742 31.90 1 31.90 4.15 36.05
9987000086 6590600 31.90 2 63.80 8.29 72.09
_____________________________________________________________________________________________________________________________________
* 赔付414.70 53.91 468.61
209842 LBV41DU07NS403174 A5AROD
9987000086 0000009 31.90 9 287.10 37.32 324.42
9987000086 0000742 31.90 1 31.90 4.15 36.05
9987000086 6590600 31.90 2 63.80 8.29 72.09
_____________________________________________________________________________________________________________________________________
* 赔付382.80 49.76 432.56
209841 LBVHY5108NM350903 A5AROE
9987000086 0000009 31.90 9 287.10 37.32 324.42
9987000086 0000742 31.90 1 31.90 4.15 36.05
_____________________________________________________________________________________________________________________________________
Report of admitted Warrant y-Claims Page: 2
Date: 2022.05.04
Credit Note Number 1273470 经销商代码: 33500 Copy!Original created on 2022.05.02
工单号底盘号保修单再申请旧保修单号标题决定代码
故障代码项目价格比率折扣数量配件工时外包处理费税费(13%) 合计
决定代码/项目
* 赔付319.00 41.47 360.47
209840 LBV6R4107NM348672 A5AROF
9987000086 0000009 31.90 9 287.10 37.32 324.42
9987000086 0000742 31.90 1 31.90 4.15 36.05
9987000086 6590600 31.90 2 63.80 8.29 72.09
_____________________________________________________________________________________________________________________________________
* 赔付382.80 49.76 432.56
209839 LBV61AF0XNS360891 A5AROG
9987000086 0000009 31.90 10 319.00 41.47 360.47
9987000086 0000742 31.90 1 31.90 4.15 36.05
9987000086 6590600 31.90 2 63.80 8.29 72.09
_____________________________________________________________________________________________________________________________________
* 赔付414.70 53.91 468.61
209837 LBV61AF00NS397240 A5AROH
9987000086 0000009 31.90 10 319.00 41.47 360.47
9987000086 0000742 31.90 1 31.90 4.15 36.05
9987000086 6590600 31.90 2 63.80 8.29 72.09
_____________________________________________________________________________________________________________________________________
* 赔付414.70 53.91 468.61
209836 LBVHY510XNM350885 A5AROI
9987000086 0000009 31.90 9 287.10 37.32 324.42
9987000086 0000742 31.90 1 31.90 4.15 36.05
_____________________________________________________________________________________________________________________________________
* 赔付319.00 41.47 360.47
209830 LBVYH340XNM354449 A5AROK
9987000086 0000009 31.90 9 287.10 37.32 324.42
9987000086 0000742 31.90 1 31.90 4.15 36.05
9987000086 6590600 31.90 2 63.80 8.29 72.09
_____________________________________________________________________________________________________________________________________
* 赔付382.80 49.76 432.56
209829 LBV21AF05NS355337 A5AROL
9987000086 0000009 31.90 10 319.00 41.47 360.47
9987000086 0000742 31.90 1 31.90 4.15 36.05
9987000086 6590600 31.90 2 63.80 8.29 72.09
Report of admitted Warrant y-Claims Page: 3
Date: 2022.05.04
Credit Note Number 1273470 经销商代码: 33500 Copy!Original created on 2022.05.02
工单号底盘号保修单再申请旧保修单号标题决定代码
故障代码项目价格比率折扣数量配件工时外包处理费税费(13%) 合计
决定代码/项目
_____________________________________________________________________________________________________________________________________
* 赔付414.70 53.91 468.61
209826 LBV21AF02NS390496 A5AROM
9987000086 0000009 31.90 10 319.00 41.47 360.47
9987000086 0000742 31.90 1 31.90 4.15 36.05
9987000086 6590600 31.90 2 63.80 8.29 72.09
_____________________________________________________________________________________________________________________________________
* 赔付414.70 53.91 468.61
209825 LBV5U5409NM349818 A5ARON
9987000086 0000009 31.90 9 287.10 37.32 324.42
9987000086 0000742 31.90 1 31.90 4.15 36.05
9987000086 6590600 31.90 2 63.80 8.29 72.09
_____________________________________________________________________________________________________________________________________
* 赔付382.80 49.76 432.56
209824 LBV61AF09NS397253 A5AROO
9987000086 0000009 31.90 10 319.00 41.47 360.47
9987000086 0000742 31.90 1 31.90 4.15 36.05
9987000086 6590600 31.90 2 63.80 8.29 72.09
_____________________________________________________________________________________________________________________________________
* 赔付414.70 53.91 468.61
209893 LBVKY9107LSU91046 A5AS9X
3712364800 33506883897 18.58 100.00 25.00- 3 41.80 3.01 5.83 50.64
3712364800 37105A42B86 6,654.87 100.00 33.00- 1 4,458.76 321.03 621.37 5,401.16
3712364800 3712587 31.90 100.00 21 669.90 87.09 756.99
_____________________________________________________________________________________________________________________________________
* 赔付4,500.56 669.90 324.04 714.29 6,208.79
209892 LBV61AF08MSZ47220 A5AS9Y
8700060086 0000105 32.74 80.00 2 52.38 6.81 59.19
8700020086 0000610 32.74 80.00 3 78.58 10.22 88.80
8700020086 11428575211 178.76 80.00 1 143.01 18.59 161.60
8700020086 4 688.14 80.00 1 550.51 71.57 622.08
_____________________________________________________________________________________________________________________________________
* 赔付143.01 130.96 550.51 107.19 931.67
209891 LBV7Y4100MS060090 A5AS9Z
Report of admitted Warrant y-Claims Page: 4
Date: 2022.05.04
Credit Note Number 1273470 经销商代码: 33500 Copy!Original created on 2022.05.02
工单号底盘号保修单再申请旧保修单号标题决定代码
故障代码项目价格比率折扣数量配件工时外包处理费税费(13%) 合计
决定代码/项目
8700060086 0000105 32.74 80.00 2 52.38 6.81 59.19
8700020086 0000610 32.74 80.00 3 78.58 10.22 88.80
8700020086 11428575211 178.76 80.00 1 143.01 18.59 161.60
8700020086 4 687.92 80.00 1 550.33 71.54 621.87
_____________________________________________________________________________________________________________________________________
* 赔付143.01 130.96 550.33 107.16 931.46
209890 LBV6P4109LMS17925 A5ASA0
8411021200 0000556 31.90 100.00 3 95.70 12.44 108.14
2211010100 2211521 31.90 100.00 33 1,052.70 136.85 1,189.55
2211010100 22117581617 1,185.84 100.00 29.00- 1 841.95 60.62 117.33 1,019.90
2211010100 22117581618 1,185.84 100.00 29.00- 1 841.95 60.62 117.33 1,019.90
2211010100 32306778609 15.04 100.00 25.00- 1 11.28 0.81 1.57 13.66
8411021200 6100730 31.90 100.00 4 127.60 16.59 144.19
_____________________________________________________________________________________________________________________________________
* 赔付1,695.18 1,276.00 122.05 402.11 3,495.34
209885 LBV2A3406HMJ20825 A5ASA2
2211120100 2211595 31.90 100.00 4 127.60 16.59 144.19
2211120100 22116885778 427.43 100.00 21.00- 1 337.67 59.09 51.58 448.34
3112043900 31106862545 39.82 100.00 25.00- 4 119.46 20.91 18.25 158.62
3112043900 31106863102 42.48 100.00 25.00- 2 63.72 11.15 9.73 84.60
3112043900 31106867397 38.05 100.00 25.00- 2 57.07 9.99 8.72 75.78
3112043900 31106868038 58.41 100.00 25.00- 2 87.61 15.33 13.38 116.32
3112043900 31106876027 55.75 100.00 25.00- 2 83.62 14.63 12.77 111.02
3112043900 3112562 31.90 100.00 18 574.20 74.65 648.85
3112043900 31126883017 1,424.78 100.00 33.00- 1 954.60 167.06 145.82 1,267.48
3112043900 31126883018 1,424.78 100.00 33.00- 1 954.60 167.06 145.82 1,267.48
3112043900 3200595 31.90 100.00 10 319.00 41.47 360.47
3112043900 3200601 31.90 100.00 3 95.70 12.44 108.14
3112043900 33306760587 13.27 100.00 25.00- 2 19.90 3.48 3.04 26.42
3112043900 33306857402 36.28 100.00 25.00- 2 54.42 9.52 8.31 72.25
_____________________________________________________________________________________________________________________________________
* 赔付2,732.67 1,116.50 478.22 562.57 4,889.96
209882 LBV21AF0XMSY54116 A5ASA3
6138270200 0000006 31.90 100.00 4 127.60 16.59 144.19
Report of admitted Warrant y-Claims Page: 5
Date: 2022.05.04
Credit Note Number 1273470 经销商代码: 33500 Copy!Original created on 2022.05.02
工单号底盘号保修单再申请旧保修单号标题决定代码
故障代码项目价格比率折扣数量配件工时外包处理费税费(13%) 合计
决定代码/项目
6138270200 6100730 31.90 100.00 4 127.60 16.59 144.19
_____________________________________________________________________________________________________________________________________
* 赔付255.20 33.18 288.38
209881 LBV61AF02MS001114 A5ASA4
8700060086 0000105 32.74 80.00 2 52.38 6.81 59.19
8700020086 0000610 32.74 80.00 3 78.58 10.22 88.80
8700020086 11428575211 178.76 80.00 1 143.01 18.59 161.60
8700020086 4 599.45 80.00 1 479.56 62.34 541.90
_____________________________________________________________________________________________________________________________________
* 赔付143.01 130.96 479.56 97.96 851.49
209880 LBV7Y0102MS060343 A5ASA5
8700060086 0000105 32.74 80.00 2 52.38 6.81 59.19
8700020086 0000610 32.74 80.00 3 78.58 10.22 88.80
8700020086 11428575211 178.76 80.00 1 143.01 18.59 161.60
8700020086 4 599.45 80.00 1 479.56 62.34 541.90
_____________________________________________________________________________________________________________________________________
* 赔付143.01 130.96 479.56 97.96 851.49
209879 LBV8W3101KMP23382 A5ASA6
0017120200 0071505 31.90 100.00 3 95.70 12.44 108.14
_____________________________________________________________________________________________________________________________________
* 赔付95.70 12.44 108.14
209878 LBVTZ0100KSU01831 A5ASA7
1613004800 0000556 31.90 100.00 3 95.70 12.44 108.14
1613004800 1613523 31.90 100.00 6 191.40 24.88 216.28
1613004800 16137404081 1,070.80 100.00 21.00- 1 845.93 60.91 117.89 1,024.73
1613004800 51777171004 7.96 100.00 25.00- 3 17.91 1.29 2.50 21.70
_____________________________________________________________________________________________________________________________________
* 赔付863.84 287.10 62.20 157.71 1,370.85
209876 LBVHY3101LMX08148 A5ASA8
0034490200 0069885 31.90 100.00 8 255.20 33.18 288.38
_____________________________________________________________________________________________________________________________________
* 赔付255.20 33.18 288.38
209872 LBVKY5107LST56867 A5ASA9
5412213900 07147212593 13.27 100.00 25.00- 9 89.57 6.45 12.48 108.50
Report of admitted Warrant y-Claims Page: 6
Date: 2022.05.04
Credit Note Number 1273470 经销商代码: 33500 Copy!Original created on 2022.05.02
工单号底盘号保修单再申请旧保修单号标题决定代码
故障代码项目价格比率折扣数量配件工时外包处理费税费(13%) 合计
决定代码/项目
5412213900 07147226126 19.47 100.00 25.00- 16 233.64 16.82 32.56 283.02
5412213900 07149289999 16.81 100.00 25.00- 18 226.93 16.34 31.63 274.90
5412213900 4 621.49 100.00 1 621.49 80.79 702.28
5412213900 51437001491 4.42 100.00 25.00- 15 49.72 3.58 6.93 60.23
5412213900 51452353024 333.63 100.00 21.00- 1 263.57 18.98 36.73 319.28
5412213900 51488165271 384.07 100.00 21.00- 1 303.42 21.85 42.29 367.56
5412213900 54107153589 17.70 100.00 25.00- 20 265.50 19.12 37.00 321.62
5412213900 54107468420 22,654.87 100.00 17.00- 1 18,803.54 1,353.85 2,620.46 22,777.85
5412213900 5412211 31.90 100.00 57 1,818.30 236.38 2,054.68
_____________________________________________________________________________________________________________________________________
* 赔付20,235.89 1,818.30 621.49 1,456.99 3,137.25 27,269.92
209870 LBVTZ0101KSU03894 A5ASAA
1613004800 0000556 31.90 100.00 3 95.70 12.44 108.14
1613004800 1613523 31.90 100.00 6 191.40 24.88 216.28
1613004800 16137404081 1,070.80 100.00 21.00- 1 845.93 60.91 117.89 1,024.73
_____________________________________________________________________________________________________________________________________
* 赔付845.93 287.10 60.91 155.21 1,349.15
209869 LBV5F340XLMX07259 A5ASAB
6411864100 6100730 31.90 100.00 4 127.60 16.59 144.19
6411864100 64119855413 12,123.89 100.00 25.00- 1 9,092.92 654.69 1,267.19 11,014.80
6411864100 6422667 31.90 100.00 4 127.60 16.59 144.19
_____________________________________________________________________________________________________________________________________
* 赔付9,092.92 255.20 654.69 1,300.37 11,303.18
209868 LBV6P4100LMW05240 A5ASAC
5171431200 0000556 31.90 100.00 3 95.70 12.44 108.14
5171431200 5164705 31.90 100.00 12 382.80 49.76 432.56
5171431200 51745A22C64 1,238.94 100.00 25.00- 1 929.20 66.90 129.49 1,125.59
_____________________________________________________________________________________________________________________________________
* 赔付929.20 478.50 66.90 191.69 1,666.29
209867 LBV6R410XMM043147 A5ASAD
8700060086 0000105 32.74 80.00 2 52.38 6.81 59.19
8700020086 0000610 32.74 80.00 3 78.58 10.22 88.80
8700020086 11428575211 178.76 80.00 1 143.01 18.59 161.60
8700020086 4 688.14 80.00 1 550.51 71.57 622.08
Report of admitted Warrant y-Claims Page: 7
Date: 2022.05.04
Credit Note Number 1273470 经销商代码: 33500 Copy!Original created on 2022.05.02
工单号底盘号保修单再申请旧保修单号标题决定代码
故障代码项目价格比率折扣数量配件工时外包处理费税费(13%) 合计
决定代码/项目
_____________________________________________________________________________________________________________________________________
* 赔付143.01 130.96 550.51 107.19 931.67
209866 LBV61BE04MM010733 A5ASAE
8700060086 0000105 32.74 80.00 2 52.38 6.81 59.19
8700020086 0000610 32.74 80.00 3 78.58 10.22 88.80
8700020086 11428575211 178.76 80.00 1 143.01 18.59 161.60
8700020086 4 648.10 80.00 1 518.48 67.40 585.88
_____________________________________________________________________________________________________________________________________
* 赔付143.01 130.96 518.48 103.02 895.47
209864 LBV21AF08MS035931 A5ASAF
8700060086 0000105 32.74 80.00 2 52.38 6.81 59.19
8700020086 0000610 32.74 80.00 3 78.58 10.22 88.80
8700020086 11428575211 178.76 80.00 1 143.01 18.59 161.60
8700020086 4 635.77 80.00 1 508.61 66.12 574.73
_____________________________________________________________________________________________________________________________________
* 赔付143.01 130.96 508.61 101.74 884.32
209863 LBV61BE02NM340646 A5ASAG
9987000086 0000009 31.90 9 287.10 37.32 324.42
9987000086 0000742 31.90 1 31.90 4.15 36.05
9987000086 6590600 31.90 2 63.80 8.29 72.09
_____________________________________________________________________________________________________________________________________
* 赔付382.80 49.76 432.56
209861 LBV61BE09NM352650 A5ASAH
9987000086 0000009 31.90 9 287.10 37.32 324.42
9987000086 0000742 31.90 1 31.90 4.15 36.05
9987000086 6590600 31.90 2 63.80 8.29 72.09
_____________________________________________________________________________________________________________________________________
* 赔付382.80 49.76 432.56
209860 LBV31DU04NS378682 A5ASAI
9987000086 0000009 31.90 9 287.10 37.32 324.42
9987000086 0000742 31.90 1 31.90 4.15 36.05
9987000086 6590600 31.90 2 63.80 8.29 72.09
_____________________________________________________________________________________________________________________________________
* 赔付382.80 49.76 432.56
Report of admitted Warrant y-Claims Page: 8
Date: 2022.05.04
Credit Note Number 1273470 经销商代码: 33500 Copy!Original created on 2022.05.02
工单号底盘号保修单再申请旧保修单号标题决定代码
故障代码项目价格比率折扣数量配件工时外包处理费税费(13%) 合计
决定代码/项目
209853 LBV41DU04NS398158 A5ASAJ
9987000086 0000009 31.90 9 287.10 37.32 324.42
9987000086 0000742 31.90 1 31.90 4.15 36.05
9987000086 6590600 31.90 2 63.80 8.29 72.09
_____________________________________________________________________________________________________________________________________
* 赔付382.80 49.76 432.56
209859 LBV31DU08NS378250 A5ASAK
9987000086 0000009 31.90 9 287.10 37.32 324.42
9987000086 0000742 31.90 1 31.90 4.15 36.05
9987000086 6590600 31.90 2 63.80 8.29 72.09
_____________________________________________________________________________________________________________________________________
* 赔付382.80 49.76 432.56
209857 LBV61BE06NM355571 A5ASAL
9987000086 0000009 31.90 9 287.10 37.32 324.42
9987000086 0000742 31.90 1 31.90 4.15 36.05
9987000086 6590600 31.90 2 63.80 8.29 72.09
_____________________________________________________________________________________________________________________________________
* 赔付382.80 49.76 432.56
209855 LBV21BD01NS250450 A5ASBJ
9987000086 0000009 31.90 11 350.90 45.62 396.52
9987000086 0000742 31.90 1 31.90 4.15 36.05
9987000086 6590600 31.90 2 63.80 8.29 72.09
_____________________________________________________________________________________________________________________________________
* 赔付446.60 58.06 504.66
209854 LBV11DU0XNS376684 A5ASCH
9987000086 0000009 31.90 9 287.10 37.32 324.42
9987000086 0000742 31.90 1 31.90 4.15 36.05
9987000086 6590600 31.90 2 63.80 8.29 72.09
_____________________________________________________________________________________________________________________________________
* 赔付382.80 49.76 432.56
324225 LBV5S3102FSM24225 A5AT7N
9999001386 4 697.00 1 697.00 90.61 787.61
_____________________________________________________________________________________________________________________________________
* 赔付697.00 90.61 787.61
Report of admitted Warrant y-Claims Page: 9
Date: 2022.05.04
Credit Note Number 1273470 经销商代码: 33500 Copy!Original created on 2022.05.02
工单号底盘号保修单再申请旧保修单号标题决定代码
故障代码项目价格比率折扣数量配件工时外包处理费税费(13%) 合计
决定代码/项目
209895 LBV7Y0103MS037346 A5AT7X
8700060086 0000105 32.74 80.00 2 52.38 6.81 59.19
8700020086 0000610 32.74 80.00 3 78.58 10.22 88.80
8700020086 11428575211 178.76 80.00 1 143.01 18.59 161.60
8700020086 4 599.45 80.00 1 479.56 62.34 541.90
_____________________________________________________________________________________________________________________________________
* 赔付143.01 130.96 479.56 97.96 851.49
209910 LBVHZ3103KMR49012 A5ATV6
2211120100 2211595 31.90 100.00 4 127.60 16.59 144.19
2211120100 22116885786 427.43 100.00 21.00- 1 337.67 24.31 47.06 409.04
_____________________________________________________________________________________________________________________________________
* 赔付337.67 127.60 24.31 63.65 553.23
209909 LBV21BD00MS195116 A5ATV7
8700060086 0000105 32.74 80.00 2 52.38 6.81 59.19
8700020086 0000610 32.74 80.00 3 78.58 10.22 88.80
8700020086 11428575211 178.76 80.00 1 143.01 18.59 161.60
8700020086 4 687.80 80.00 1 550.24 71.53 621.77
_____________________________________________________________________________________________________________________________________
* 赔付143.01 130.96 550.24 107.15 931.36
209908 LBV21BD05NS205995 A5ATV8
8700060086 0000105 32.74 80.00 2 52.38 6.81 59.19
8700020086 0000610 32.74 80.00 3 78.58 10.22 88.80
8700020086 11428575211 178.76 80.00 1 143.01 18.59 161.60
8700020086 4 687.80 80.00 1 550.24 71.53 621.77
_____________________________________________________________________________________________________________________________________
* 赔付143.01 130.96 550.24 107.15 931.36
209905 LBVKY9100KSU89962 A5ATV9
3135003700 31306873484 2,955.75 100.00 21.00- 1 2,335.04 168.12 325.41 2,828.57
3135003700 3135500 31.90 100.00 9 287.10 37.32 324.42
6137141500 32306877810 1,106.19 100.00 21.00- 1 873.89 62.92 121.79 1,058.60
3135003700 37106789678 18.58 100.00 25.00- 1 13.93 1.00 1.94 16.87
3135003700 37106789678 18.58 100.00 25.00- 1 13.93 1.00 1.94 16.87
6137141500 6131233 31.90 100.00 7 223.30 29.03 252.33
_____________________________________________________________________________________________________________________________________
Report of admitted Warrant y-Claims Page: 10
Date: 2022.05.04
Credit Note Number 1273470 经销商代码: 33500 Copy!Original created on 2022.05.02
工单号底盘号保修单再申请旧保修单号标题决定代码
故障代码项目价格比率折扣数量配件工时外包处理费税费(13%) 合计
决定代码/项目
* 赔付3,236.79 510.40 233.04 517.43 4,497.66
209903 LBVHZ3102KMR44657 A5ATVB
2211010100 07149209733 34.51 100.00 25.00- 2 51.76 3.73 7.21 62.70
2211010100 2211501 31.90 100.00 35 1,116.50 145.15 1,261.65
2211010100 22118835566 1,362.83 100.00 29.00- 1 967.61 69.67 134.85 1,172.13
2211010100 51777171004 7.96 100.00 25.00- 1 5.97 0.43 0.83 7.23
2211010100 51777171004 7.96 100.00 25.00- 3 17.91 1.29 2.50 21.70
_____________________________________________________________________________________________________________________________________
* 赔付1,043.25 1,116.50 75.12 290.54 2,525.41
209902 LBV8W3108KMP37862 A5ATVC
6131687900 0000556 31.90 100.00 2 63.80 8.29 72.09
2211016900 2211521 31.90 100.00 31 988.90 128.56 1,117.46
2211016900 22116859413 1,123.89 100.00 29.00- 1 797.96 57.45 111.20 966.61
2211016900 22116859414 1,123.89 100.00 29.00- 1 797.96 57.45 111.20 966.61
6131687900 6100730 31.90 100.00 4 127.60 16.59 144.19
6131687900 6131696 31.90 100.00 2 63.80 8.29 72.09
6131687900 65825A0E449 4,548.67 100.00 21.00- 1 3,593.45 258.73 500.78 4,352.96
_____________________________________________________________________________________________________________________________________
* 赔付5,189.37 1,244.10 373.63 884.91 7,692.01
209897 LBV6R4106MM155069 A5ATVE
8700060086 0000105 32.74 80.00 2 52.38 6.81 59.19
8700020086 0000610 32.74 80.00 3 78.58 10.22 88.80
8700020086 11428575211 178.76 80.00 1 143.01 18.59 161.60
8700020086 4 687.92 80.00 1 550.33 71.54 621.87
_____________________________________________________________________________________________________________________________________
* 赔付143.01 130.96 550.33 107.16 931.46
209896 LBVYH1403LMY27853 A5ATVF
8700060086 0000105 32.74 80.00 2 52.38 6.81 59.19
8700020086 0000610 32.74 80.00 3 78.58 10.22 88.80
8700020086 11428593186 178.76 80.00 1 143.01 18.59 161.60
8700020086 4 549.61 80.00 1 439.69 57.16 496.85
_____________________________________________________________________________________________________________________________________
* 赔付143.01 130.96 439.69 92.78 806.44
209912 LBV61AF03MSZ12925 A5ATVG
Report of admitted Warrant y-Claims Page: 11
Date: 2022.05.04
Credit Note Number 1273470 经销商代码: 33500 Copy!Original created on 2022.05.02
工单号底盘号保修单再申请旧保修单号标题决定代码
故障代码项目价格比率折扣数量配件工时外包处理费税费(13%) 合计
决定代码/项目
8700060086 0000105 32.74 80.00 2 52.38 6.81 59.19
8713010086 0000602 32.74 80.00 2 52.38 6.81 59.19
8700020086 0000610 32.74 80.00 3 78.58 10.22 88.80
8700020086 11428575211 178.76 80.00 1 143.01 18.59 161.60
8713010086 13712454387 317.70 80.00 1 254.16 33.04 287.20
8713020086 1612700 32.74 80.00 5 130.96 17.02 147.98
8713020086 16127451424 438.05 80.00 1 350.44 45.56 396.00
8700020086 4 688.14 80.00 1 550.51 71.57 622.08
_____________________________________________________________________________________________________________________________________
* 赔付747.61 314.30 550.51 209.62 1,822.04
** 总计65,578.50 21,855.22 8,859.61 4,825.73 13,145.46 114,264.52
AG Payment Amount : 40,837.95
Tax on AG Payment Amount : 4,698.18
Local Payment Amount : 43,606.05
Tax on Local Payment Amount : 5,016.55
Local BSI Payment Amount : 29,820.52
Tax on Local BSI Payment Amount : 3,430.73
Report of admitted Warrant y-Claims Page: 12
Date: 2022.05.04
Credit Note Number 1273470 经销商代码: 33500 Copy!Original created on 2022.05.02
工单号底盘号保修单再申请旧保修单号标题决定代码
故障代码项目价格比率折扣数量配件工时外包处理费税费(13%) 合计
决定代码/项目